000000000000001000001000000000001010100100000000000000000010
000010100110010001000000000001010000000000000100000110000001
100000001110010011000101000101000000000010100001001000010000
000000010010000000000001010000000100001100000000010000100010
010001000001000100000000001000000100010000101000001000000001
000000001010001000010001000010000000000001100000000101000000
000100000010000000000000000000010000000000100100000000000001
010100011000110100001110110001011010000100000000000000011011
000010101000100100000000000100000110000000000000010000001100
101100101000000001100011001100000000000010111000000001000000
000000000000000010000100000000100000101000100100000100001000
100000010000000000000010010000110101000000000010111011000001
100000100000101010000010000010000000100010000010100000000000
100000000000000000001001010100100000010100000110001001001000
110001000100000000101000001000000100100100110000000000000010
001001001100100000010001000010000000100110000111010000100011
001001000000000001000000100000010000011100001010010000000000
100001000000000000000000100000010000000000001110000011000000
100001000100000000000110000000111000000000101000001001000000
000001100000110100001011100000000000010000100000001101001000
001001100000011001001100001001010100100000000010000101000001
100000000000000000001100100100000000000000010000000001000000
000000000000000000110001001000000000001001001110000000001001
000000000000010000000000000011010000000000010101001111000001
000011111001010010000110000100000010010001000101010000001000
100010011000001000000001000101001010101000000000000101000000
000101011010001010000001000100100000100000000000000000000101
100100000000000000000010000000010011000000000001101000000000
010000010100100000000101000000000000000000000110000010000110
000000001000000000001010110000001010110000101010010100010001
100000010000100000010000000000000000000001010000100110001010
011001000010010000000000000001000110001000000000000011000000
000100010000000000000111000000000100000000001000000001010010
011010000000011000100001001000000011000011100000100010010000
000001001000000001000100100100011000000000001000010100001000
000000001001000011101000001001000100010000100100100000001000
100001000001100000010000000000101001000010000001100000001010
000000000000000010101000000000100000010000000010000000001000
000000010000010001100010000010100001011000000010010101101100
100000101010001000100000000000001000000000010001000010100000
100101000000010000000000000000001001000001010001001010000100
010000001110001000000000000010000010010000000000000010010001
010100000101000100000000100110100000011000000101101001010000
000001100000000000100000011000010100000000000000100010100000
000000000100001001000001000010000110011101011000000010010100
000000000001000010000000001000001010000010000001001010000010
010000000010100011000000001000000010101010000000011110000000
100000000000000100100000100000000001000100000001100000000101
000001011011000001000000000000000001010000100011100100000000
010101000011000000000000010001000001011000100100000100011100
100000110000001001010000000000000001000010000000000000110001
000000000000110000000000011000100110001110000010011010010010
010011000100000001101000010001001000000001100000000010000100
000100000110100000000100100001100101000001001000011010010100
101000001000100000010000001010100000100011010000001010000001
000111000010010010000001000101010000100000000001000010000100
000001000010010000010000001000001000000000000001000000100000
010001000000010000000000010000000001000001000010000010011000
000000000000001010010010100011010101000000000100001000001010
000000100000010000010011000000000100001001100100000001001100
001010000001000100110000000001000000001000000000110100001000
001011001000101000000000000100000100001000000100000000000000
011000001000001110000100000000110000110100110010000000000101
010000001001100000010000100000000111010100001000000010000001
000000000010000100000010000100000000001100000100000001000000
010000100000000001000100010000000010000010000001100000000001
000000001001010000000000010100001010010000000001010000000010
001100000000000000000000010101000000000000000010000000000010
000000000100000000010111001100100000010100000000000000101000
101001101011100100101010001000001010001000000010000000000000
001011110000101001110000000000000000000000000101010001000010
100000000001000000010000010000010000000000010010000000000000
010000000000000000000010000000000000000000001001000000101000
001100000110000000001000000000010000100100110100000000010000
100000000000000110000101000000001010000101000000000000000001
110011000000000000000111000011000000100011100001000010111011
000000000000010000000000100100000010000001010010000000100100
011011100010000000001010010000010001010000000000000000010100
000000001100010001000000000010100010000001010000000100010000
001100000000000001000000000000110000000000000000000000100000
000001000000000000010011000000010100001010001110000001001000
000000000000000000010000000001000001110000000001100010000000
000000000000000000000000000000110010000000010000010000000010
100000100000000010000101000100101010000001101100001000000000
000010001000000010000110110101001000100010000100000111000100
010000000000100000000010100000000101000000000110001000001000
000100001010000000000000000001000100001000101100100000100000
000000000011100110000010010000000000110000000001010000010110
000000000000010000111011000000010001010110000100101000000010
100100000001001000000010101001001000000000010000100000000110
010000001000000000011001001000001100101001000000000010000000
010000100100000010000101000000000000001001001000001000000000
000100001000000000010010000000001010100000000001100000100000
101000000010100001000000110000101001000100000000001000000000
000001001000000001000010000010010101000010000000010000000000
000000010100011000000000000001100100000000000101000000000001
000010100000100010001001000001011011000101100100010010001000
001001010000000000111000000000011110001100000100000101000000
000100001000000100001100000000100001000000100110000100011000
000000100011000010000000010000000010000010001000010000000100
000000100000001010000110000001001000101010001000110001010000
000001000100000100110001001000001000100100100000001001001000
100000110000000000000000000000000001010100000000010001101000
000000101000000000000000000000100000000010010000010000001000
010011000000100110000110001001000001110000001101000100100000
010000100001000110001001000001001000000000110000010100000010
000100000000010010010100100000000111110000000100000100000000
100000000010110010000000000100000000000101000000000001000001
000000111000001000010000000000100000001010100000001011010001
010000001001000000001000000000010000011000110000000001000000
001010001001000000000000000000011000000000010010000100000000
001000000011001000000011000001000000011001100011001111000010
001000010000000110000011100000000000100101110000001001000001
110000000010000000000100000001011100000000000000000000110011
000010100001100000000001000000000101010000010100100000001000
010000000100000000110000100100000001000000010010010101000000
001000000100010000000100000000010000100000000000000000000100
000010100000000001000000001010100100001001000001010000000101
000000000000010010000000010010000001000010001000000000000000
000000001001100000000110100000001000001001010010001000001000
000010010000000000000001100100000000001100000000000000001000
101100001000110000000111000000000010100000000001000000100001
000010010000100000010010100000000010110000000000001001000101
000000100000001000000000000000101001000000000111100000000010
001000010000001001010000101010000000000100100000000001000010
000000000010000110000001000101000010010011001001000000000000
000100000000000000000100100100010011000000010000000000000000
010000000001100000000000001100100000000011010000000001100000
100000000000000010000000000001000000000000000100100011110010
000001000000000110001100000100010000000000101000001000000000
000000010010001001100101000000001100001000000100000000000000
000010100101000000110000000000100000000000000001000101010000
000000000000000000000000000000000000000000100000000000000000
000000100000000000000000000000001000000000000010000101011000
000001010000000000000100000010000000101000001000010100010010
010001000000000010000000010000000010010100100000000010100100
001000001100000001001000001000011010000000000110000000000100
000010000000010000000100010100001000010100010101000000001000
000100101100011101000100000000001000000000001000010000000000
100000000000000000011000001101000011001000000100001000011000
101001000100000000000000001010000000001010110100000010110001
000100000001111100000000000000000000001110001110000000100000
001001000000001011001000000000000000010000000000001000000000
001000000000100001000010010000000001000100110000000000000000
010100110000110000000101100000000000001000000001001000000000
000100000101000001001000000001001100101000000100001000000000
000000000000000000000000000000000100110000010000000000100010
001010000100010000000000000000010000101100000110000001010000
100010111000000000010001101000100001001000100001000000000001
000000000000111000000100000000100011000100000000000100000000
000000110000000000000000001010001001001000010101000000100010
110010110000000000100010010000000010010000001010001010000010
000000000101000000000101100011100000110000010000000100010100
000000000010000000000000000000000000001001000000000100000001
010000000010000000001010010000000000000110000000010100000000
001000000110000001000001000000001000100010010000000010000000
000000101000001100100000101000100000000000000000000100000110
000101000000010100000000000000010010000100100000010101101000
000011000000100100010000010000000000000001101101000100000000
000000000000010110100100000101000010001000100010010001001010
000010000000000000100010010000000100000000000000000000100000
010000010000001011000010001110001000000001000110100001000100
000000000000000001000000010000010000000010000010000000000100
100010100010000000000011100000111000000100011000100110100010
001000111101100001000100011001100010000001001010010000010000
110000000000100010000001000100000011110000000000000010100000
100010000000000001110000000100001001100000011001000000100001
000001000001000110000100001010000001101010100001001100000010
000001000000000100000000001001001010000000000001000000001101
010000000000110000000000000010100000000000000111100110010000
011000000000101000001000000000010000000100000100000000100000
000001000010000100001000000000100000011001000110000000000000
110011000000100000010100000101000000100000000000110000000001
010100011001011000000000000011010010000000000000101010000000
100000000010100001000000000001001000001000101001010000100010
000001111001000000000001000000100111010000000000010010000100
000011000001000000010001000000111001000000010000001000000101
000000100110100001000000000100000100011000000010000100000010
000000100010100100000000000000100000010000000010000001100000
000010000001000010000000100000100010000000000000100001000000
001000000000000101000011000001000000000000011011001000100100
001010001000000000000000010000100000001110110111100011000000
010000110101001000000000100000011001100010000010000000100010
000000011000010001000000110010001000000000100001101000010010
000101011000001000000100000010000100011001000000000110000001
000000010101100000000001001001101100000001000000000000000010
000000000010011000000000101100010000100010000010110000000100
000010000100000000000000011111101001011101000000000000000000
000100001100001000001000000001001000000100000110000010100001
001000000010000001010001000100101011011010001000010000000001
100000010000110010110000001000100000100000110010000000110110
000010100000000000011010100000011000000001010100000011000001
100001100010000010011100100000000101000000000000100000100100
000000100100000001011000010100100100001000000000000000010000
000010110000000000001001000000001101001110000100000000001001
000000100010000001010000010010111010000000100000010000000011
110100101000001010000010000010000100010000001111000100100000
000010110000000000000000010000110000000000100000010100000100
000000100000000000100000000010000101001100000001001000000010
000001100010000000000000100000010000010100010001100000000010
000100010110100000000111000000000000000000110000100001010000
000001000110001000000000000100000000000001001100000000000010
001101000001000000101001010000011000000100001100001101011000
100000000000010000000010000000010000000000000000000000000010
110000000110000000000100001000101010000000001101010000110000
000000000100000000000100000001100100000010000010000001000100
001100000000000000010000000000001010100000000000100010001010
000100111000000100000011001100000101000000000010100001110000
001000110000110000000000000010001100001011000000010000110000
000001001010111110010000000000000010000000000000110100001001
110000001001000000000100001101001101000000000000010000000000
000000000000011000001000000100000010000100000010110001010000
001000000000110000000000000100001000000000000101000100010010
101000001001000010000000110010001010010100000000100000010001
001100000000110000010000000001000001001000000000100000000001
001000000000001000100010010000000001000000001000010000010000
000000000000000000000110000010001100001000100000010100000000
000100001000010000000000010001100001010000010010000001100110
011000100000000100000100000000100000010011000110000001001100
000000000001000000000000000000111000000100001010000001000000
000110010000111001001100100000001101011100010000001001000000
000000010000010001000000010000000000000000011110000010000000
000100001000001000100000000010100000100100100010001000010001
000000000001001011000001000010100000100110000000000000100011
000000011010011000001010010100100010001000000000100000100100
001100001000100100000001000010000000001000001010110000010010
000010000000000100010100010101010000000000000001100000001000
000000000001000101000110100001101000110000000000001000010000
000000000000000000111000010001010000000100000100000100001000
000001000001000000100000000000100000000000010010000110000000
010100000000001100110001100000010010010010100000000000000000
000000000000000111010000100000000100000001000000000100001010
000000001010000000000101100000000000101000000001000011001000
100000110100001100100100000101000100000000000000010000000100
000100000111000010000000000000000000000001000000010000010000
010000000001011000000100100000000010000000101011010000000000
100000010010010000010010100000000010000111100010000000000010
000001000001010000000000010000000000000010010001101111110000
010001000000001000010001010000000000100000000010110110000010
100000000101001000000000001000000100010000000110000000100100
000001100010000001000010001101010000010001100001000000010000
000100100000000000010000010000010010001101000000100001000000
100100000101001100000110000000000000100000010000100100111000
100000010000000110000000000010100010010000001000011100000000
000000000000000000010100000000000000001011000000000100100000
010000000010010001001000010000000101110000000010000010010000
100000010010001010010000000000010000001000000000111000000010
000010010001000000101001001000010000000110000011010001001000
000000000011000000100100000000011000000000110001000000000001
001001000000010000100000000000010100000001000000000000000100
110000000000000100000000000000100100000001001000010000000100
100001100001000101000100001000000000111001000001000000000000
000100111010100100000000110011001000000000000010100101100000
000000100100010010010100000110000100010000000001000000000011
001010000100101100000100000110000010010000100000000000000001
011000011001000110000001000000000000000000001101101101001001
000000000000100000000010100001001010000001000100101000000000
000000000000100001001101010000000001101001000000000010011000
000001000010101100000000100001000000010000000000100001010000
000001000100000001010000110100110000000000000000001000000000
010000011000000010000000100100010001100110011001010000001001
010000000000101000000001000001010100000011000011000011101000
000000100001000010000101001000011100000000010100100000010000
010101100000001000101001000010000000000000000110000000110000
100000000100010000100000010000000100000000011000010100000010
001101000001000000010001010000000000000000001001010110011000
010110010000000000100100000000100000000100010000010000110110
000000000000000000000000000001000000000000000100000100001000
000000101001000100000101100000010010000000001011010011010010
000000001000000000000000001000010001011000000111000000000000
000000000110010000011001001100000001000100000010001010000000
110011000111000000010000001000000100100010000000010100000100
000100000100000000000010000000000000010010100100001010100011
011001100000000000000100010000000001000000000000001001000000
100000000010000100000001000000000000000011001010000010010000
001111010100001100110000100000001010000000000000001011110010
100000000001010000010000001001010101000001000010010010000000
101000000010000000000000000000000010000000000001000000001001
110100000000010000000010000101000000010000001000000100100000
100000000100100010000000000111100100010010001000010010100010
000100100000000000000000000000001101011000000010100000010001
000000000000001000000000000000000000000000101000000000111101
001000000100010000010001000000010011000010000010000010010010
000100110000100101000000000101010000000000101001000010101000
100010001001101000010000010000000000100000000101000000000010
000000000000000000000000101100010010111000110000110001101000
000000000000000000000010001000000000001010010001000100010010
100000000000010000011000010110000001000000101000000000101000
001100000001000000000000100001100000010001000001101000000000
000100000000100100010000011000000000000000000100000100100001
011000000100100110001000100100000000000011001010000100001000
000000000000000010100001110000000100000000000101000101100001
101000000000000100000000011000001001101000000010000000010110
000100000000000000000000000001100111000010010000000000001000
000000000100000000010000000010000000010000000000000000100000
000010000000000100001001100110000000100000010000001000000000
000000000011100000000000101000001000000000000000111000000101
010010000010100000000001000000000000000000000001000000000100
000000001000100000100101000100000000000000001001010100000101
000010110100000000010000000100100000010000000000000001010000
011000010000010001100000000000000001001000010010100000100000
000000111000101001000010000110000001100110110000000011001010
001000010000110010000010000110000000000000000000000000100000
000000100010010101000101000000000010001000000010110100100111
001001000000000001000000000011000000100001011000000000110100
010001010000000110000000010000001000100001000001100001000000
100001011010000001000001000000100100100000000110000000010000
000011000000000000010000000010000000000001000000000000001000
000000000011100000100000001110000000100000011100000000000000
100110101000100000000000000000100000110100000000100000000000
101010000101100100000000010000000000000100010000000000100000
101000000001100000100000001000000000010000100000010000001001
010000000000000000000111101000101000000000000000000000000000
010000010000000000000000100000010000000010001100010100000001
101000100100100010011100000010000000110000001000000011001010
001000000000010000100100010000000000001001100001011001010010
000001000100000100000000100000101000001001000000000000000100
000000001010100100000100000001100100000100000000000011111000
010000100000001000000000010010000000000000000011000001010000
000110001000001010000000001000000000101000100000000001000101
100010100001000010111000001000101000000011000000011000010010
100000000010100001000001000100000000010010000000000010100000
000100100000000100011001110001000000000000011010001000000000
100000000010000000000000000010000000001000000010000000000100
000000000000000100000001001000100000001000111001000001011000
000000000000010100010001100000001011000110100000000000000010
101100010000000000000000100100000100101000100100001001011100
000001000000000001000000100000101010000000000000010000001000
000010010010000000000000101100000000000010000000000000100001
000100100010000010010011010001000000010000100000000110000100
000000000000001010000100010010100000101000010000010100001110
101000010001000100000011000000001000000000000000000000000000
000000000001011000000000010100000100001000010011110000000000
100110010000000010000100000111010001101000000011100000000000
111010000000100001001000011100000101100000001000101000001000
000000001001100000010100000010011000100001001100000001000010
000010001000000010000000000010000010000100001000001100000001
110000000000101100000000100000011100000000100110001000100010
001000100101010110000000010000110100100000100000000000000001
110001100010100100000000000010000010000100000101000000000001
001001100110000100000000000000010000010000000001100010000000
000000001001010001000000011000000000010000101000001000000000
010001100010100000000000001001000011100001000100010000010000
100000010001110000100000001001010000000100011000000000000100
000010000000000001101011011001100000011000000001000000001000
000011101110000000001100000000000000100000000000000101100000
000000000011000000000110001000000001010010101001001000000000
100000010101000110100001001000000010000010010000001010000000
001000100011010001000000000000010000011011001000001000000000
000000110000100000001000001000000010000000000100001000010100
000000011000000001010001101100000001011000100100001000000000
100001000010000000000001001000100100100010000000010000010000
000000000000010000000000001000000000011000000001000000101000
000011000100011100010001010000101100000001000000000000001001
011000000010000100000010011001111000100000001100000010000100
001000000100000000000000010010000001000000110000000010000100
100001001000000010010110001000001010010010000000000000010101
000000000000110110000000001001001100000100111110001000000000
101001000000010100000000100000100000010010000000000000000010
000010100001000000011000000000000000000000000100000110010100
000000000000000010010000000001010000000000100010100000000000
000100000000010000000000101000000001011000000100011000000000
010100000010010100000001000001010100001000011001000000000000
000000000000000010010000110100000000000001001000110000001010
010000000100011000100000100101010101000100000000101101000000
010000100000100011000000000001000001000100000000011010010010
000000000000000000000000000010001100000000010000000000000001
000000100100000100000010000110000000010000010000000100000001
000010001000000000100000100000000001000000100010000000001100
000100111001000100000101000010010100000000001100010010010011
100000010000000010000001010000000000001100000000100010110000
000100000010000000011000000001000010101000000010100001000000
000100100000100110001010010000100001001001001000000000000000
000000000100101001010011000100000000001000000010000000000000
000000100000000000101000101010000000000000100001101001001011
000000111000100100000001000010101000000010011001000001100010
000000001101000010100001000000100010000000100000000001000000
000001100000100000010000011000000000000000000000000001000000
000001000011001000000001000010000000010001000001011000000000
000000000101100110000000000000000000000000000000001110000110
000100000010010010000000000010000000000100010000001100000100
100100001001100000101011000100001001001001000000101000100000
000000000000001000100001010000000000000000010000000010000000
010000110000000000000000000001000000001000000000010000000001
010001000000010000010001000000000000000010000000000000000001
000000000000000000000000000000010101010000100000000000000100
000000000001010100000000000000000000000010110100001000010000
000000111000000001000001001010111000100000011000101000110101
000000000000000000100011011000000100000000000000001101000001
100010000000000101000000010000000100101100101100000000000000
011010010001001000000010000111000101011001010000000000101000
000000010000001010001001010001010100010000001011000000010000
101110000000000101001000000010000001011000010010100101000000
000000100000011000000100010101001001000000001010000000010110
000001000000101000000100000000010001001001000000000000000000
100010001000000000000000101000001000100100001000000001110000
000001000011000010010000000000100000010001000110000001100000
100001000000011010100010100000001001100001010010010100001010
000000100000100000010000101000000000100000010000000000001110
000011000000100011000000000000000010000001010000000000000100
000000000000011011000011000001100000110010000000111100001000
000000000101001000100000000000000010011000101100110000010000
000000001001000100010100000100000000000000101010000000011000
000000000010000000010000000010000000000010100000000000000011
010000011001000100000011000010000000000101000000000010001000
011000100000100100000000000000000000000000011110011010000101
010000100001001010000010000000001000000000110010000101001000
000000000000001001100000000000000000000000000100100100000000
100100000010100110100100100010000000011001000000000000111000
100000001001101000000000000010001001000001000000110000000000
000000101000000010000000001000100000000000001001100100000000
000011001001001011000010010100010000000000000001111000000011
000000000010000000010100001000100000000000000100000100100100
000010010110000000110100010010001000000000000000010101001100
000100000010001000000000000000000100000000010001010000010000
010001101000000010110010000000000000000000000001011001100000
000000000000000100000000100110001011000010000000010100000000
000000000010000000000100001010010100010100000101000001010000
000001000000100100000000000100000010011100000010000000000010
010001010000001001101000100001000001000010000000000001001000
011000000000100000001100000010000001010010010101000110100111
010010000000101010110001110000000000000000000001001000001000
100010001010001010000011010011110000001001000010000001000000
000000001001000000000010000000000000000000000100000000000001
000001000010001000000000000100000000000100101100000001001010
000100000011010000000000100000000000000000000000000101000110
001011000010001000001101000000010100000001000111001001000000
000000100000000100100000010001000000011010101101011000000000
000001000110001000010100110000001000000000000000011111010100
000100000101000101000011000011000100000100010100100011000000
101000000001100000100100001100000001100100000100000010000001
100000101000010010000010000100000110100000000010000010000000
000000000000000000100100000011000000000000010000000000100101
000100000000000000000000001000000010010010100000000000011000
000000000000000000011000100000000000011001000001011000010000
001001010010000000100000000000001011000100000000000100000010
100100011000010010000000000000010000010000000010001000101110
000000000000011000110000000001001000000000000000000001000000
000000000000000010000000110000100001000001100000000110000100
000001001000000100000100001001001010110000000010000100001000
100011110000100000000001100001000000000100000000010000001010
000001000001010001101000011001000001000001010001000010000100
100001100011000000000011001000000100000000100010100110001001
101100000000000100000000001100000010001010100000010000000000
000000000000010000001001000100000000000100000101000000000010
000000001000000000010001001100000000000001100000100001000010
000010001000100010100010100000100001010000000000000000000100
000000000000000100010000000001000000001000010000001100000000
010010001010100010000000000000000000000100000100110000011011
010010000001000000000000000100000000000000010001010001100001
010000000000010001000000000100000000100000100010001000000000
000000010000000000000000000010100000000000010000000000000010
010010000000000000000010011101001000000101010000000001001010
000001001100001000100000000000000010000100000000100001000000
000010101000110011101001101000000000011000001000000100000000
110001101010000000000111000000000000100000000000000000010000
000001011100010101000000000100000000000010000001001000000011
000011100000000110000000110000010000001000111001100000000110
000000010000001000001100000100100001000000010100101100000010
010010100011001100101000010000011000000110000000010001000001
000100000001000000101101010010111000101000000000111100001110
000000000001000001010000000010000010100000000011000000000001
000000000000000001000000000000101000000000100100010110000000
010100000110000000000000101100010000000010010011000101101001
001000100000001001110000000000000000100000011010101001000000
000100000110100001010000000000000000010000110110001000001000
011000010000010000010010010010010000000001100001001010001110
000000010100000000000100010000000000000010100000111100000000
010000100000010011000000000000111000100000001000000001010000
000100100000000000000000011010000100000011010110000000000100
000000000000011000000000010001010001000100001101000010101000
000010000000000001101101001010000100010000101000100000010000
000000000000000000000000000010000001100000110001110010100000
101001000100000001010001100000011000100001001000010011000100
000000010000000001011001001001001000011001010000000010000000
001100110000100000010011000000100000000011000000001010000000
100110010000100100011010000000000011000000000101100100011100
100000101000000000000011100000000000000000000000000010010000
000000000011001011010001000000010010000100100010000100100000
001000000100000000001000001001100100010000010000000001000000
000000000101110010001001010000000000000000010100010001000000
000001100000100000001000100000100000000000000011000011100000
100001000100000001100000000000000000100000000010000000000000
000000110010000000001000010010000000101000000010000100000000
010011000000010000000010001000000000000011000000010001000000
100000000000000100000000000101100110001101010010000001101000
001000101000100000010011010000011000000001011000010000000110
010100000001001001000101110010010001000000000001010010000011
100000000010010010001001100000001000001000010000010000000010
100100000010000100110000101000000100000000011000000000000111
000000100011000000100000011001001001110000000000001010100000
100111000100000000101101001100100000100001101000000010000000
000000110110000001100111000010001001000000010000000000001110
001100011110010100000001000010011110011000010001010011000010
000010001000001000000000110111000001000000000001000000110000
000000010100100100000010001000000000101000000000100000000000
100000010000000110001001001101001000000010000000001001000000
000000000000010000001001100001001010111010001101000000000001
100000000100000000000000000001000000000001001000010000010010
000000000001010001100000011000000000000100000111100110001000
